131
92
124
151
134
150
206
204
189
120
178
201
136
168
175
171
107
231
276
260
324
244
155
258
268
162
226
186
106
125
149
124
147
36
94
206
174
86
98
218
179
214
127
27
62
154
179
176
234
241
166
80
42
156
53
36
79
91
86
168
125
180
108
116
204
138
212
235
241
167
150
127
253
179
121
112
120
199
187
56
86
175
215
147
197
198
201
185
272
323
153
190
260
188
168
180
157
150
55
173
201
217
168
217
156
148
146
232
189
174
157
136
172
164
165
145
110
201
203
23
140
129
154
186
169
223
120
164
238
178
213
196
126
177
254
307
273
161
135
291
283
271
312
207
189
250
176
257
229
198
130
